CNN configA, window 24
MAE   = 1.172568 °C
RMSE  = 1.528655 °C
R²    = 0.961460
Time  = 48.7 s

CNN configB, window 24
MAE   = 0.785000 °C
RMSE  = 1.009769 °C
R²    = 0.983183
Time  = 82.0 s

CNN configA, window 48
MAE   = 0.691050 °C
RMSE  = 0.908385 °C
R²    = 0.986413
Time  = 92.6 s

CNN configB, window 48
MAE   = 0.660662 °C
RMSE  = 0.866241 °C
R²    = 0.987644
Time  = 202.1 s